12,3,pkgb, 7,45,34,6,1, 4
12,3,ABC, 7,45,35,6,1, 4
12,3,Cat, 7,45,36,6,1, 4
12,3,CUT, 7,45,37,6,1, 4
12,3,lsebb, 7,45,38,6,1, 4
12,3,khnn, 7,45,39,6,1, 4
12,3,dsd, 7,45,40,6,1, 4
12,3,fdf, 7,45,41,6,1, 4
12,3,errw, 7,45,21,6,1, 4
12,3,weass, 7,45,341,6,1, 4
12,3,ssdsf, 7,45,3441,6,1, 4
12,3,pkgsb, 7,45,45,6,1, 4
12,3,wewe, 7,45,66,6,1, 4
12,3,IhJH, 7,45,54,6,1, 4
//this is comment
12,3,LPII, 7,45,74,6,1, 4
12,3,TOHHE, 7,45,124,6,1, 4
12,3,OPIW, 7,45,44,6,1, 4
12,3,WOOEJ, 7,45,84,6,1, 4
12,3,LJJL, 7,45,314,6,1, 4
